Date,Open,High,Low,Close,Volume
2024-04-11,157.83715571381197,158.06978918901746,156.11567651658348,156.66468811035156,4241500.0
2024-04-12,156.04122246747582,156.80425283565768,155.69692948904913,156.42274475097656,5453500.0
2024-04-15,157.45564630091187,157.5859204779947,154.49654113743006,155.35263061523438,5133200.0
2024-04-16,155.42707359754382,156.80425977098213,155.29679942166212,155.8644256591797,4569700.0
2024-04-17,157.34397101535404,157.91159725246573,156.52511085274887,157.70687866210938,4069200.0
2024-04-18,158.28382838740848,160.6845934502727,158.28382838740848,160.30308532714844,5574700.0
2024-04-19,160.31238109635532,162.16414869134263,159.86572879461923,162.03387451171875,6636700.0
2024-04-22,162.29442893802397,164.89061240001777,161.9408214949028,164.2020263671875,7288700.0
2024-04-23,162.5642889294548,162.7317924348713,158.321056109866,159.32603454589844,9145000.0
2024-04-24,156.79496827228127,165.7187853140074,156.00400874686892,165.08602905273438,10016700.0
2024-04-25,165.8955829454838,168.08234329514474,163.6064774974503,164.40672302246094,7441500.0
2024-04-26,162.32234008721474,166.16544973962908,162.22928101522172,163.38314819335938,4472100.0
2024-04-29,163.3087099323594,164.07175459477108,162.8620576073597,163.9042510986328,3224500.0
2024-04-30,164.0252088247567,164.2113127585209,162.69453801064358,163.69021606445312,4465100.0
2024-05-01,163.27149442159276,163.9879953456776,161.59653045841918,162.98301696777344,4340500.0
2024-05-02,163.38315046918373,164.07175069458972,162.42470164935253,163.26217651367188,3964800.0
2024-05-03,163.58785012123923,164.22992073562267,162.84342021762336,163.9135284423828,3491900.0
2024-05-06,164.4811657622077,164.4811657622077,162.96440517230337,163.60647583007812,3576200.0
2024-05-07,164.70450741120962,165.77461576288394,164.2485406689476,165.65365600585938,3708000.0
2024-05-08,166.2957260097328,166.45391507505104,164.8813104508352,165.08602905273438,3400900.0
2024-05-09,164.94645738587448,166.03518049935764,164.78826830430742,165.69088745117188,2421400.0
2024-05-10,165.58852576955374,167.6450121981347,165.27214761094817,167.3007049560547,4201600.0
2024-05-13,167.97066474422624,168.75232399069972,167.3565231775387,168.3335723876953,4408100.0
2024-05-14,168.47317477536637,168.68719360856238,166.19336943373196,167.37513732910156,3508600.0
2024-05-15,166.7889032299558,167.8683117750344,166.56556997985987,166.99362182617188,4785100.0
2024-05-16,167.15183641495116,170.66925399793203,166.99364732986527,170.3900909423828,5984700.0
2024-05-17,169.90620451315098,170.2505117582003,169.1990037644945,169.53399658203125,4449100.0
2024-05-20,169.44091032304402,169.4781396294782,167.4123532858056,167.78456115722656,3221100.0
2024-05-21,168.89190591525812,168.96635033246767,167.31000109631185,168.50108337402344,3288100.0
2024-05-22,167.9148429089506,169.4781472768641,167.4774908309452,169.44091796875,4047000.0
2024-05-23,168.733731256703,169.2548280228311,166.60280045378815,166.81683349609375,4009000.0
2024-05-24,166.9098749137475,166.95640445236262,165.5140739482234,165.62574768066406,3447400.0
2024-05-28,163.9879965553689,164.03452609334892,159.95878278603115,161.3359832763672,6178100.0
2024-05-29,160.45196183410542,161.1498622950876,158.86075673440598,159.26087951660156,5352100.0
2024-05-30,159.4469948298381,159.7819876131053,158.56297623592403,158.63742065429688,3903100.0
2024-05-31,158.08839569972432,160.95444167048743,157.7441027177769,160.88929748535156,8155600.0
2024-06-03,160.72181247888136,160.88930176141977,159.14920795388795,159.33531188964844,5032400.0
2024-06-04,159.3167227217349,162.27581384677225,158.9538150517054,161.810546875,4619100.0
2024-06-05,161.76401759486333,161.88499155133894,160.0146234334209,161.43833923339844,5370700.0
2024-06-06,161.91291759593017,162.2851255200701,160.68460588838846,161.16848754882812,5536700.0
2024-06-07,160.84490971183956,161.79215446555082,160.14150631659828,160.41348266601562,3521100.0
2024-06-10,159.54127872738138,159.78512010022172,155.33023166781908,155.59283447265625,9429400.0
2024-06-11,154.62682165819774,155.18017654773487,153.3513162414456,154.8144073486328,8284500.0
2024-06-12,154.63621112326518,155.0582503095368,152.34780305984503,153.6514434814453,6281100.0
2024-06-13,152.01017133340414,153.39821675279168,151.50371285297643,153.18251037597656,5432600.0
2024-06-14,152.99492963989368,154.17664217069697,152.43220120954254,153.63267517089844,3603300.0
2024-06-17,153.33256397385102,156.0711460950808,152.67604270092474,155.8179168701172,5412200.0
2024-06-18,155.78042893941276,156.69016524694015,154.98323260864166,156.13681030273438,3519500.0
2024-06-20,155.43339652248045,157.22473402459508,155.43339652248045,156.32437133789062,4942400.0
2024-06-21,156.8214414219861,158.56588233490496,156.10865018848023,156.8870849609375,10899100.0
2024-06-24,157.09343833948645,159.07234729935834,156.70890768269516,157.6374053955078,4476900.0
2024-06-25,157.63740079182773,158.46273206800248,156.85896594012283,156.9527587890625,4217300.0
2024-06-26,155.58346470540567,156.6338759503649,154.6080848794835,156.3806610107422,4778300.0
2024-06-27,156.27748778500663,156.85896336871784,155.00198233854582,155.9304656982422,4326500.0
2024-06-28,155.03009699241093,155.8929366943544,154.39233719745778,154.68307495117188,8755900.0
2024-07-01,154.78628466529244,155.74291747006498,152.4791291082769,152.76986694335938,4508000.0
2024-07-02,153.34194551330694,154.25168174775894,152.23526433535127,153.41697692871094,4650800.0
2024-07-03,152.79795982492917,153.9327901670069,151.89761157159077,152.4978485107422,2879600.0
2024-07-05,152.5353914440448,154.29859411124042,152.37595503638275,154.17666625976562,4208200.0
2024-07-08,152.92930033502776,153.57643385749577,151.8601275664053,152.04769897460938,5268800.0
2024-07-09,152.11336034122942,152.4603681699368,151.46622680385943,151.84136962890625,5801200.0
2024-07-10,151.78507122892037,153.59517008241713,150.67839008460592,153.4263458251953,7372300.0
2024-07-11,149.21531041567016,154.64557824943023,148.21178138421016,153.76397705078125,10258600.0
2024-07-12,154.71126939941925,157.59052709921204,154.71126939941925,156.0430450439453,6677000.0
2024-07-15,155.6959981134966,155.9679887848847,153.48262143296174,153.67958068847656,4551800.0
2024-07-16,153.2575336111215,154.78625390970305,152.72294016707093,154.52365112304688,4461700.0
2024-07-17,155.7241356512212,159.50376994488045,155.5834606883962,159.33494567871094,7671000.0
2024-07-18,158.2282551704027,161.94221707836113,157.9281295196536,159.7851104736328,6228600.0
2024-07-19,159.70069985666245,159.8976590968528,158.00315534809732,158.83786010742188,5332800.0
2024-07-22,158.7441005980956,159.1661541570094,156.9527771839522,157.24351501464844,5308400.0
2024-07-23,157.36542987539607,157.90002342207345,155.8554564068617,155.94924926757812,3344300.0
2024-07-24,155.94921063256035,158.19072206486845,154.70184031011922,157.72178649902344,5867000.0
2024-07-25,158.9598030081734,162.71128800094684,158.3689395423621,160.39474487304688,6270900.0
2024-07-26,160.12273868678244,162.02661599133395,160.12273868678244,162.01724243164062,5746300.0
2024-07-29,161.58583055323558,162.71128749619996,160.2353079810814,162.4486846923828,4152700.0
2024-07-30,161.96098448422023,162.67376146487672,160.89181185784588,162.4205322265625,4994600.0
2024-07-31,163.11456931030682,163.8367341941148,161.55769956991344,161.94223022460938,6245600.0
2024-08-01,161.81090106938024,164.65264938089754,161.78276608101095,164.08993530273438,5994500.0
2024-08-02,167.72887645763834,168.76991402783491,163.0395206118481,166.97857666015625,6856100.0
2024-08-05,168.36664101238853,169.67028140161884,162.40177963695962,163.2270965576172,7502300.0
2024-08-06,162.51431892700413,165.26228895985196,161.65147914807113,161.77340698242188,7287100.0
2024-08-07,160.95747642966776,163.5553840749294,160.68550003504305,161.11691284179688,5428900.0
2024-08-08,159.6350671884928,162.25172160432842,159.25991011276673,161.66085815429688,5112500.0
2024-08-09,161.3982469915378,162.0453803916931,159.80386885698007,161.6796112060547,3223000.0
2024-08-12,161.5389588005715,162.12980799166695,160.10401684811336,160.7698974609375,3802300.0
2024-08-13,160.95745473693705,161.70775457761002,159.64444074884375,161.66085815429688,3894700.0
2024-08-14,161.52955807251635,163.50846694192143,161.24819384112251,162.91761779785156,3555800.0
2024-08-15,162.91762857644986,163.4709692046398,161.1544259664559,161.8015594482422,4472100.0
2024-08-16,161.8015309219596,162.0453722632276,160.47912919760904,161.8953094482422,4614600.0
2024-08-19,161.93283326301616,163.17081571700726,161.72650046888802,163.02076721191406,3521700.0
2024-08-20,162.74878410111702,165.0934620421932,161.78277793425593,164.92465209960938,5330100.0
2024-08-21,165.00907439670996,165.83440569807695,163.77107744465948,164.32443237304688,4020700.0
2024-08-22,164.90589239893515,165.14036019550235,163.84609337900224,164.8214874267578,5265900.0
2024-08-23,165.6561964299872,165.70307854187203,162.88009135117125,164.9434051513672,5283600.0
2024-08-26,165.3654615814318,165.85314431561525,164.81210668141793,165.03720092773438,4146700.0
2024-08-27,165.35608886817695,165.89068238564155,163.6773055150273,164.40884399414062,3520600.0
2024-08-28,164.64328227443252,164.8214800816069,162.579968618747,163.1145477294922,3915500.0
2024-08-29,162.96449761055538,163.15208330268973,161.22944444454524,161.39825439453125,4654300.0
2024-08-30,161.3701141723971,162.77692095313165,160.61044080052503,162.13917541503906,8677300.0
2024-09-03,161.67025394128166,166.83791948196207,161.20131830674796,166.50965881347656,7032100.0
2024-09-04,166.84728209266706,168.48855670581892,165.3373088761362,167.42877197265625,6188500.0
2024-09-05,167.62571538530258,168.5635865842749,166.49089924858222,168.16030883789062,5743100.0
2024-09-06,167.68308432448688,168.76039840898935,167.26727635858208,167.5885772705078,6395300.0
2024-09-09,167.31451644636655,168.9588294634115,166.18994892520317,168.39183044433594,4666200.0
2024-09-10,168.82655275510368,169.25182010582537,167.87209489495112,168.03274536132812,4315800.0
2024-09-11,167.68308948191284,167.97604117060555,164.83859145482677,166.11436462402344,4036000.0
2024-09-12,166.11433962885454,167.9193174376117,164.38496457027964,167.50350952148438,4222800.0
2024-09-13,167.692515341037,168.17448108866725,166.67189980574727,167.6074676513672,3290400.0
2024-09-16,169.15729536876268,169.56364396129638,166.65301715494687,167.46572875976562,4940100.0
2024-09-17,167.26726545790345,168.29732594828815,166.6057593824156,167.1444091796875,6305100.0
2024-09-18,167.13497960542682,168.2689921847488,164.83859079402893,165.57571411132812,5307900.0
2024-09-19,166.08599920954126,166.53015637807715,164.57397296519557,165.05593872070312,5504000.0
2024-09-20,163.0808698756565,164.21488237992557,160.8600839724931,161.7672882080078,12198400.0
2024-09-23,161.47432765385614,164.37552378387682,161.34202644263453,162.64614868164062,5350300.0
2024-09-24,161.58773919176411,162.1641975598893,160.17966496935983,160.57656860351562,7837900.0
2024-09-25,161.030187431435,161.379851999095,159.48036689996857,160.08517456054688,4505100.0
2024-09-26,159.9150804643926,161.59720223465857,159.40476543490615,160.35923767089844,5673600.0
2024-09-27,160.6143817360335,162.21144125448154,160.34976488602183,160.6521759033203,7545800.0
2024-09-30,161.20028801234665,162.29650634052211,160.25527519559216,160.69943237304688,5054300.0
2024-10-01,161.87123671682548,162.48550369076136,160.4348276381699,161.956298828125,7095900.0
2024-10-02,162.0697008512433,162.2965091222623,159.2535666465772,160.2269287109375,5786000.0
2024-10-03,158.8944613093748,159.8111249348806,157.977797683869,159.2630157470703,5090300.0
2024-10-04,157.95889296214142,159.23466608442777,157.64705140933987,158.7338104248047,4390100.0
2024-10-07,158.49754581275317,158.6959904229922,157.30683489206663,158.01559448242188,5459500.0
2024-10-08,158.49755572353916,161.26643644151687,157.67539916163824,161.04908752441406,8297800.0
2024-10-09,160.0662609639318,163.75180484630627,159.80165855287672,163.052490234375,7177500.0
2024-10-10,162.60837308442277,163.54392660641372,161.80510636900922,163.477783203125,5292400.0
2024-10-11,164.43223477499112,165.54734300888097,163.3643656474767,165.19769287109375,4720300.0
2024-10-14,165.33944926806996,166.5774137546319,164.84803856432927,166.41676330566406,4535900.0
2024-10-15,166.6624649363694,167.63582700738874,165.49064382438175,166.22775268554688,5802300.0
2024-10-16,165.38668938412226,165.68910040973452,164.08258149048558,164.88583374023438,4400900.0
2024-10-17,164.79133654404654,165.821397034467,164.14872034229964,165.0653839111328,4125900.0
2024-10-18,162.82569944863926,165.68908692298152,162.6555896556411,165.43392944335938,5097000.0
2024-10-21,164.8669427178661,167.7397753424204,164.7629907310047,165.38668823242188,6436300.0
2024-10-22,164.91419209522766,165.33000006857327,163.9691792175339,164.78189086914062,3790500.0
2024-10-23,164.14874689669597,164.28104813320053,162.98638500313768,163.4399871826172,3800700.0
2024-10-24,163.41162500576456,163.99752837534626,162.2587081419248,162.69342041015625,4244900.0
2024-10-25,162.9863815508808,164.43225018339592,162.16422491428477,162.34376525878906,4442600.0
2024-10-28,163.46831628995497,163.46831628995497,160.3970245737778,160.5009765625,5186400.0
2024-10-29,159.89616119312538,159.89616119312538,157.788786708836,158.28964233398438,5127900.0
2024-10-30,157.81715627263262,158.42196395940232,156.94774612413576,157.0706024169922,4801500.0
2024-10-31,156.96664294232735,158.28965518793768,156.6925811358961,156.94773864746094,5582400.0
2024-11-01,156.9571560085834,157.108361501445,156.12555463734375,156.48464965820312,6339000.0
2024-11-04,156.4846608339679,157.486372061154,156.10666149456762,157.19342041015625,4885500.0
2024-11-05,156.8248590142415,158.72434382236537,156.5602566045103,158.62039184570312,3678300.0
2024-11-06,158.16679944721662,158.20460803708005,154.604111309321,155.653076171875,7849300.0
2024-11-07,155.45463845787978,155.83263788987574,154.48127622172385,154.9821319580078,5333500.0
2024-11-08,154.8309117200401,156.70204766413912,154.65135695997228,156.0310821533203,4618300.0
2024-11-11,155.36955903479208,157.01387209006873,154.9631960295764,155.22779846191406,3762000.0
2024-11-12,155.06716778866948,155.92713301330173,154.17885332979685,155.3034210205078,5386600.0
2024-11-13,154.50014575924962,155.73811020323183,153.44172163223172,155.68141174316406,4145000.0
2024-11-14,155.68141861422572,157.71319042833133,154.8214534792409,156.06886291503906,5422700.0
2024-11-15,155.34124884153144,155.34124884153144,149.35931454054256,149.89796447753906,9108900.0
2024-11-18,150.6445017156604,151.06030967636914,149.08522186300252,149.62388610839844,6991300.0
2024-11-19,149.07576372809055,149.18916064560796,147.28024524189647,148.10240173339844,8248900.0
2024-11-20,147.8472649287434,150.36100269681393,147.6110117043703,150.0113525390625,5067300.0
2024-11-21,149.6805889802368,151.67456672708389,149.26478100728258,151.5233612060547,5977000.0
2024-11-22,152.05255169933662,153.1487699932775,151.0980939753325,153.09207153320312,5846300.0
2024-11-25,153.75357508911563,154.5946358792342,153.09206903280057,154.08433532714844,8580400.0
2024-11-26,154.2922663289199,154.67971067424682,152.99758879923226,153.24330139160156,4653600.0
2024-11-27,153.03538258877646,156.04997587468412,152.78967002017475,153.77249145507812,3622900.0
2024-11-29,152.5534113899442,154.59464252554463,152.0998092775056,154.46234130859375,2799300.0
2024-12-02,154.3394928130666,154.65133433838255,152.86526077645658,154.08433532714844,4967400.0
2024-12-03,153.88587722194393,154.0843362499022,152.54396080831123,152.80856323242188,4277400.0
2024-12-04,151.76906468027974,152.1754132714537,150.64449711716853,151.3721466064453,6964600.0
2024-12-05,152.08090889201122,152.15651164931907,150.09639058674827,151.6651153564453,5229600.0
2024-12-06,151.87002465962144,153.2519579125318,150.28794252944667,150.38323974609375,8359200.0
2024-12-09,150.4976198572517,153.91909976111435,149.7637600155836,151.98439025878906,8380400.0
2024-12-10,151.53643923777076,152.88978179277785,149.96389710042928,152.33700561523438,5329400.0
2024-12-11,152.68964402657326,152.97555019598326,148.92504798065087,149.41111755371094,7925900.0
2024-12-12,151.62221520310595,151.91766128785986,150.55479333753524,151.44113159179688,6849500.0
2024-12-13,150.13544584946996,152.0796951658029,149.68750676887035,150.55479431152344,4353900.0
2024-12-16,150.44043532325796,151.36490412442464,148.56290710171595,148.6963348388672,6696500.0
2024-12-17,148.42946628655332,151.05990481971145,147.95293661835234,148.81068420410156,6572600.0
2024-12-18,147.75279542802704,148.5152458452295,146.87598253813047,147.1809539794922,7620900.0
2024-12-19,145.90386063816953,146.84739468324733,144.30272782019412,144.3599090576172,9829500.0
2024-12-20,143.77853757145834,146.28508837569208,143.44496097394435,145.61793518066406,19205200.0
2024-12-23,145.25579094068286,145.25579094068286,142.68253339307574,144.1883544921875,6822200.0
2024-12-24,143.43545874624894,145.6560891882219,143.3496868790674,145.63702392578125,3399800.0
2024-12-26,145.37014990801583,145.98963270436693,145.09376907922922,145.2843780517578,5528500.0
2024-12-27,144.1883559187332,146.26603305486074,144.15976529900723,145.7132568359375,4287000.0
2024-12-30,145.49405322227383,145.90386178872572,143.9977429660863,144.59817504882812,5397000.0
2024-12-31,144.6744204835491,145.96104195385513,143.85478881413675,144.92221069335938,4274800.0
2025-01-02,145.7037244477665,146.44710960984432,142.85407163144674,143.1590576171875,4970200.0
2025-01-03,143.87385574322366,143.87385574322366,142.53956383618376,142.62533569335938,5218100.0
2025-01-06,142.57769660637769,142.91125868150158,139.241988599942,139.4040069580078,9470600.0
2025-01-07,139.58508426786508,141.02419870743006,138.51764786512751,138.5748291015625,7473300.0
2025-01-08,138.5748439405525,139.78523356398952,137.7742774596715,139.6613311767578,6791800.0
2025-01-10,138.19360230550632,138.73685310188088,134.86742002160048,135.9443817138672,9632700.0
2025-01-13,136.08734877795388,138.32704424175714,135.46786596925904,137.7170867919922,8101400.0
2025-01-14,137.42164562315438,138.32704920005955,136.82121351079695,138.14596557617188,6996400.0
2025-01-15,138.66062637068478,139.33729044493003,137.40258090034723,137.98394775390625,7141600.0
2025-01-16,137.28822235539383,139.89959604910575,136.94512035751143,139.6613311767578,5068000.0
2025-01-17,140.78594106363846,141.64368873911252,140.26175546527858,141.2910614013672,7338900.0
2025-01-21,141.36727588138984,142.74920884221322,140.8335650448674,141.5769500732422,7456200.0
2025-01-22,141.27199279967326,142.43472644761565,140.85264433090288,141.13856506347656,5905100.0
2025-01-23,141.5198041759647,141.94867802362543,139.72804774103258,141.64369201660156,4759100.0
2025-01-24,141.834317791072,142.30130762574834,141.17670442771677,142.12022399902344,4509600.0
2025-01-27,143.83573206684667,148.17215552163196,143.81666680572295,147.35252380371094,9820600.0
2025-01-28,146.91409989506528,147.35251361539838,143.0732716973282,143.19717407226562,6349700.0
2025-01-29,144.0358578185327,144.865014762577,143.17809571613046,143.3115234375,4874100.0
2025-01-30,144.17883738855727,145.89434736603232,143.5593545417766,144.7697296142578,4671300.0
2025-01-31,143.6832227058204,144.5695754655042,143.2162329304514,143.61651611328125,4905500.0
2025-02-03,142.73019313909396,144.0358946130398,141.84385473697722,143.2162628173828,7196200.0
2025-02-04,139.2419870094317,140.81452923463283,136.28749699189504,136.75450134277344,12804900.0
2025-02-05,136.65918298615674,138.9465196655723,136.0015696916285,138.8226318359375,9248100.0
2025-02-06,139.39444881920144,140.00440619316058,137.20242405007164,138.5271759033203,5604900.0
2025-02-07,138.20315884204956,138.33658659612385,137.14526216955534,137.79335021972656,5872300.0
2025-02-10,137.5741424560547,137.73616082337625,136.29703169402137,137.5741424560547,8715400.0
2025-02-11,137.5931840708107,138.87982010724588,136.66871526826776,138.80357360839844,6354000.0
2025-02-12,137.27868992702068,137.9839592228791,136.31610502564197,137.23104858398438,6658200.0
2025-02-13,137.45977356327356,138.13645223627967,136.8593559412065,137.79335021972656,7175300.0
2025-02-14,137.87910988774607,139.30869907312848,136.60201370567907,136.65919494628906,5001800.0
2025-02-18,136.19217832659646,137.38350254058886,134.9532127780699,137.3358612060547,8738700.0
2025-02-19,137.45974071147114,139.0799386358828,137.3834942212889,138.965576171875,5777300.0
2025-02-20,138.29845343879944,142.18693762933756,138.19361632057905,142.10116577148438,6789800.0
2025-02-21,142.94936855811267,147.29531660634592,141.91052287666838,146.2946014404297,10604400.0
2025-02-24,145.18906013889065,148.9822468812991,144.97938591523865,146.62818908691406,7187000.0
2025-02-25,147.52405373664064,151.02179442796853,146.77114323176318,149.07754516601562,9474600.0
2025-02-26,148.26744325298793,148.30555922652414,144.0453829642054,144.39801025390625,9076500.0
2025-02-27,143.81664267367546,145.52262696592433,142.89217398849718,144.8840789794922,6731000.0
2025-02-28,146.4852518735977,147.8195439868541,145.19863018951648,146.26605224609375,8455500.0
2025-03-03,144.2455448687612,148.82021831863625,143.43543856814088,148.66773986816406,8321700.0
2025-03-04,149.95437146253818,152.63246620969508,146.7330403870507,146.95223999023438,10274200.0
2025-03-05,145.75135083559925,148.04822722410384,145.56074188532554,146.65676879882812,5578700.0
2025-03-06,146.93317531418856,147.69562579127168,145.37015838030814,147.35252380371094,8421000.0
2025-03-07,147.34771177448135,151.5205569914328,146.886202657911,148.49188232421875,8997700.0
2025-03-10,149.8764021869421,153.91463936990797,149.3860350689173,150.23214721679688,11156900.0
2025-03-11,149.78986744258677,150.0398631419589,145.96315803798984,146.463134765625,7981600.0
2025-03-12,141.85760764347498,143.7709696558356,140.86727844898064,142.46334838867188,8330200.0
2025-03-13,142.655643937519,144.68437956927875,142.35758568588042,142.62680053710938,5351100.0
2025-03-14,141.4634111817583,143.41522619218304,141.41533395728737,142.86717224121094,5277500.0
2025-03-17,143.48252531219288,145.82855306857024,143.38638553252244,145.51126098632812,5449500.0
2025-03-18,144.2228653647213,145.47279979877058,143.02100815334862,143.25177001953125,8158600.0
2025-03-19,142.45373212891036,143.146003042054,141.13648667609382,142.40565490722656,6080100.0
2025-03-20,141.87684821354242,142.36721538148893,140.99228300120998,141.48263549804688,4536400.0
2025-03-21,141.3384200160907,142.01145717718347,139.1750768525791,139.84811401367188,11574800.0
2025-03-24,139.88658262313606,141.06920611939114,139.2519984364197,140.80960083007812,5968900.0
2025-03-25,140.52113824932673,140.6653699162933,139.25198467244982,139.93463134765625,4763300.0
2025-03-26,140.37691570227335,143.57866492368692,140.1365442712763,142.9152374267578,5882200.0
2025-03-27,143.8286579883805,144.6170833902812,143.34791508608274,143.90557861328125,5397500.0
2025-03-28,144.6459327711041,145.54973181216886,141.4441831488918,143.52099609375,8550900.0
2025-03-31,144.41517269144535,146.71312330130766,143.98250699030416,144.16519165039062,9985700.0
2025-04-01,144.69400401518195,144.98243801967334,142.94409280868572,143.90557861328125,6072800.0
2025-04-02,144.44401993532455,144.7036252313581,142.3672215803867,143.37677001953125,5866200.0
2025-04-03,145.8477978852427,148.11690518623678,145.04976283117375,145.5401153564453,8216200.0
2025-04-04,147.09772431068632,148.9533849443896,140.79998910873107,140.96343994140625,12911400.0
2025-04-07,135.8771818676351,140.47308287103314,135.25220728775068,137.67515563964844,14423200.0
2025-04-08,138.40590229314722,139.80005401387237,133.79076670806438,134.896484375,9488900.0
2025-04-09,134.84839592486878,140.32886255764672,133.00234477862307,139.98272705078125,14067000.0
2025-04-10,139.81926265658254,141.4730193989512,137.41554816722214,138.58856201171875,10980300.0
2025-04-11,139.55965680802615,139.6942642320306,136.64635603262977,138.8673858642578,8563300.0
2025-04-14,138.60779307933373,141.51146956154318,137.97320894569512,141.09803771972656,5393800.0
2025-04-15,140.223095918939,140.35770335404743,137.13673448855647,137.33863830566406,5459600.0
2025-04-16,138.5597267956479,138.8385512375947,134.38688171671282,134.69454956054688,7878600.0
2025-04-17,134.93492362793495,138.04053355476023,134.67533300593948,137.33863830566406,6131400.0
2025-04-21,137.01172573324388,137.3290178060013,135.156065191761,136.27137756347656,7412800.0
2025-04-22,136.80020772684563,138.7231794572439,136.4829156307967,137.9347686767578,7144700.0
2025-04-23,137.75208546538323,138.46357562361146,135.42529140763568,136.78097534179688,7760000.0
2025-04-24,136.00217060594798,136.38677374877693,129.34869028165983,130.09864807128906,15577300.0
2025-04-25,130.25248276201216,130.38709018743887,126.72383162943866,128.24298095703125,11544700.0
2025-04-28,128.74294482967218,130.19479780061715,127.97376791414364,128.60833740234375,8498600.0
2025-04-29,127.3776253503806,129.28137765819952,126.45460726577863,129.13714599609375,7010700.0
2025-04-30,130.4063383379989,130.93514385027194,127.97378016554453,130.35826110839844,7923500.0
2025-05-01,129.29101365573223,129.61791534953804,128.108390074546,128.4064483642578,6807000.0
2025-05-02,128.98331281264947,129.22368426006113,128.02182702300286,128.59872436523438,7169700.0
2025-05-05,128.8775434496441,128.8775434496441,126.62767031614769,126.90650939941406,8972200.0
2025-05-06,126.81997858099028,126.81997858099028,125.1470025804929,125.70466613769533,6889900.0
2025-05-07,125.90656806986816,127.56032489172064,125.25276473947098,126.8392105102539,6313200.0
2025-05-08,126.81037009215376,127.85838616347576,126.20462930271536,126.36808013916016,6392400.0
2025-05-09,126.09886071260958,126.5796036275202,125.16621828399424,125.4162139892578,4770500.0
2025-05-12,125.80079965583982,127.23341879202174,125.05084189894168,126.6084442138672,8392700.0
2025-05-13,126.11809237557657,126.56999188153618,124.7527842811636,125.2912139892578,8650200.0
2025-05-14,125.06047043297656,125.15661021445074,122.9451971805646,123.50285339355467,10463000.0
2025-05-15,124.214356737569,126.48346388344156,123.84898742737724,126.43538665771484,9165100.0
2025-05-16,127.00268329823156,127.16613415908716,125.61814109908748,126.89691925048828,8896400.0
2025-05-19,127.0411344901041,127.16611767861248,126.06041478095766,126.71421813964844,9406200.0
2025-05-20,126.67577683211108,127.07959917988497,126.29118831169164,126.7238540649414,7624200.0
2025-05-21,126.72383529973878,126.81997508005148,125.0508446743154,125.13737487792967,9243700.0
2025-05-22,125.01239598299227,125.66619932753122,123.85861588191126,125.10853576660156,7140200.0
2025-05-23,124.57010961254508,124.76240385640251,122.82982249830292,124.35858154296876,8122500.0
2025-05-27,125.07008396774148,126.39693916561744,124.15667532372818,126.31039428710938,13974800.0
2025-05-28,126.23346084563008,127.09880684511776,125.44505013972385,125.63734436035156,9431500.0
2025-05-29,125.82003786515848,126.98344218921304,125.23353091472116,126.8392105102539,6656900.0
2025-05-30,127.06035101310752,127.60840499752167,126.23347258352278,126.38731384277344,12992100.0
2025-06-02,125.85850929558114,125.98350716811632,124.09900285741875,125.86813354492188,6723700.0
2025-06-03,125.59889018463647,127.11803945396542,124.81046481515462,126.77190399169922,7339500.0
2025-06-04,127.14688822755777,127.62763113040847,126.05079499590248,126.66614532470705,6519700.0
2025-06-05,126.1469321161278,126.34885058635908,125.19507057804717,126.0604019165039,9560800.0
2025-06-06,126.6076631498187,127.01591640661232,125.72310701072124,126.39381408691406,7628200.0
2025-06-09,126.19941337192732,126.99647503847125,125.56758118425908,126.3257827758789,8453100.0
2025-06-10,126.55905532914667,128.4253622430555,125.8397583459638,128.1434783935547,11852900.0
2025-06-11,128.2504098251091,128.27956971345142,126.16052389067455,126.26744842529295,9168400.0
2025-06-12,126.25771693297504,128.6294864226236,126.08275762574904,128.60032653808594,11444900.0
2025-06-13,128.07544410144044,129.33909373052776,126.93816388488906,127.19090270996094,9581000.0
2025-06-16,127.6380199782449,128.39620672431104,126.5882195224404,127.7352294921875,11183700.0
2025-06-17,127.49221650674146,128.00739428374504,125.51898505925482,125.67449951171876,10235200.0
2025-06-18,126.00500049504016,126.05359041743868,124.99407499722663,125.46066284179688,8785800.0
2025-06-20,125.90779098606588,126.77290222041796,125.29540371012284,125.46066284179688,23001000.0
2025-06-23,125.67449909867564,125.87863313799151,124.2456127357758,125.48009490966795,12840400.0
2025-06-24,125.5287151884024,127.5408366152869,125.44123551734414,127.38530731201172,9226800.0
2025-06-25,126.61737599511876,126.93814958397022,124.06092455073708,124.44002532958984,10922600.0
2025-06-26,124.13868960323748,125.54814594555144,124.0317650732673,124.63442993164062,11538100.0
2025-06-27,124.70247359722224,127.66718592817524,124.52751426232508,127.37557220458984,26536500.0
2025-06-30,127.53108873620506,128.6586537774234,126.93814632936513,128.34759521484375,11402400.0
2025-07-01,128.88222056739403,132.57595949944243,128.76558102001098,131.47755432128906,12846700.0
2025-07-02,131.4678370531664,133.16889963980626,131.1081885668309,132.66343688964844,9388700.0
2025-07-03,132.87728727201517,133.00365666883954,131.45812334866443,131.59420776367188,4941400.0
2025-07-07,131.7400165542581,131.924705737477,129.94174431270432,130.69021606445312,7773700.0
2025-07-08,129.67929419094668,131.87608966712534,129.55292479598586,131.26370239257812,7718300.0
2025-07-09,131.1276288833012,131.59421676560638,129.2418918126547,130.71937561035156,7762600.0
2025-07-10,130.67075978611442,132.85784024090438,129.89314304563777,132.27462768554688,8869700.0
2025-07-11,131.06930107335953,131.60392371901332,130.06810540608464,131.47755432128906,7963600.0
2025-07-14,130.98182367337347,132.0802288704837,130.11671240714458,131.77890014648438,8480300.0
2025-07-15,131.64280857138968,131.72057321955077,130.0097954562767,130.068115234375,8933500.0
2025-07-16,130.20420433304352,131.72057794637533,130.00980012170956,131.5650634765625,10941600.0
2025-07-17,137.73747492281652,141.87835707455042,137.67915514582134,141.37289428710938,26161000.0
2025-07-18,142.1699427897286,142.25743727920613,138.94279182752592,139.23440551757812,13752800.0
2025-07-21,139.09831616997525,139.57460417580518,136.53214248634717,137.73745727539062,9025600.0
2025-07-22,137.28061067990865,142.3060339420891,137.28061067990865,141.9561004638672,8281500.0
2025-07-23,141.7811351406854,142.91841518875512,141.032663459924,141.58673095703125,6166000.0
2025-07-24,141.74226667890093,142.37408401251483,139.95370954456368,140.46888732910156,9749400.0
2025-07-25,140.76050692685578,140.77023677774557,138.70951072123202,139.43853759765625,7021600.0
2025-07-28,138.7095048635598,139.09832808048668,137.5041899713094,137.61111450195312,10639100.0
2025-07-29,137.611125937852,139.96345097541052,137.18342777973402,139.86624145507812,6282900.0
2025-07-30,139.74960751098715,140.36198005099502,138.3109836791388,138.86505126953125,9738400.0
2025-07-31,137.0376140619731,137.61112650294478,133.79101778596788,134.0631866455078,11689700.0
2025-08-01,135.21018776747073,135.90032488998798,134.42282629855114,135.38514709472656,7630500.0
2025-08-04,135.39486428804562,136.3960748388635,134.86997146575783,135.65731811523438,8384700.0
2025-08-05,135.69619878555068,136.42522560961612,135.36569535292026,135.55038452148438,5535100.0
2025-08-06,135.98778412097076,137.62081175710426,135.4628913859808,136.8626251220703,6747400.0
2025-08-07,137.29033700723306,140.2744790978589,136.55158033211742,139.8953857421875,7674600.0
2025-08-08,139.8953880443102,141.3048369625855,139.77874849667305,141.14932250976562,5315100.0
2025-08-11,141.25624510048578,141.5284139292965,139.73014182342902,140.81881713867188,5773400.0
2025-08-12,141.47981412915695,142.89897809592895,140.67302263261044,142.7628936767578,7668700.0
2025-08-13,142.78233885943524,145.35822781086463,142.74346395333922,145.17355346679688,6147000.0
2025-08-14,144.87221200455218,145.3193550076181,143.909906035835,144.46395874023438,6892500.0
2025-08-15,145.21243249783674,146.87462029837766,144.33760618097716,146.19418334960938,9162200.0
2025-08-18,146.33998619654463,146.33998619654463,144.75556316621712,145.36795043945312,9901000.0
2025-08-19,145.80536741129475,148.0604975466588,145.66928299499443,147.90496826171875,8596900.0
2025-08-20,148.92561310324172,150.28645730556667,144.5320070853093,146.51495361328125,10023500.0
2025-08-21,146.1164123911305,146.1164123911305,144.44450981374806,144.81387329101562,8153600.0
2025-08-22,145.46514409509928,146.95235760644562,144.92080644808212,145.45542907714844,5218000.0
2025-08-25,144.27925864865676,144.65836682837346,143.4530371638712,144.05569458007812,6624300.0
2025-08-26,143.37526957194012,144.10429636637372,141.73252682201564,142.88925170898438,11208100.0
2025-08-27,142.88926546665448,143.6571672379409,142.21855837806442,143.51136779785156,8092900.0
2025-08-28,143.82243309721807,143.90018291417093,142.14080037183032,142.8698272705078,9265100.0
2025-08-29,142.98647463522585,145.04718582130982,142.7628957181775,144.4931182861328,7760700.0
2025-09-02,153.03730936945345,153.38724282934442,146.00949511807215,146.07752990722656,17348600.0
2025-09-03,145.75676294226085,146.2525106849707,142.99618487354843,144.4833984375,11259200.0
2025-09-04,144.85278978626764,145.29020296221285,142.35465047603395,142.7823486328125,6342200.0
2025-09-05,143.30550693337324,145.1508155139805,142.5987936462122,143.6883087158203,7186300.0
2025-09-08,143.0306689271023,143.0306689271023,137.75977963728343,139.0946807861328,11127600.0
2025-09-09,138.5744514481204,140.97924756119454,138.49594106456783,140.4590301513672,5866400.0
2025-09-10,139.60508866509184,140.46885273301808,138.81003991037903,140.02716064453125,6015100.0
2025-09-11,140.25289495696885,142.078568351453,139.87009319573093,141.5681610107422,6144400.0
2025-09-12,141.41113070178548,141.58780153198117,140.26271039678855,140.88108825683594,5713700.0
2025-09-15,140.7534913303221,140.88109692254454,137.93646308737308,138.04443359375,7279600.0
2025-09-16,138.093517023015,138.70206990370158,137.32791340628594,137.44569396972656,9283500.0
2025-09-17,137.58310031043482,139.41858386004532,137.5634652254624,138.62353515625,6092900.0
2025-09-18,138.04443130456625,139.0161658458442,137.79904515570453,138.1327667236328,6106600.0
2025-09-19,138.84930166207909,139.45785450365722,137.86775709066583,139.1437530517578,12365500.0
2025-09-22,138.47629579516826,138.9081777588482,137.3573356970793,138.42721557617188,5797600.0
2025-09-23,138.43704474516784,139.60508522354195,137.37698974980495,139.2811737060547,6356500.0
2025-09-24,139.19283171366172,139.71304913249804,138.40759306990722,139.5461883544922,5949100.0
2025-09-25,140.36088203479315,140.7731289819691,137.27883249689268,137.3377227783203,7101700.0
2025-09-26,137.35735696088264,138.38798181063353,137.26902153932232,137.84812927246094,6224700.0
2025-09-29,137.84812059040595,138.07387164590247,136.55247458039506,137.58309936523438,11930200.0
2025-09-30,137.5831080305976,138.42723700559955,137.24938645324812,137.84812927246094,7583400.0
2025-10-01,138.21129033990658,140.7240420761107,137.88737883024532,140.498291015625,5880800.0
2025-10-02,139.27136207588325,140.6062633250372,138.7609546925409,139.68360900878906,4497300.0
2025-10-03,139.63452671911088,140.71423174922148,139.24191487753342,139.3596954345703,5425700.0
2025-10-06,139.15356946272723,139.23209482083766,136.31690642615283,137.12176513671875,6750700.0
2025-10-07,137.77940347752488,139.22227516196588,137.11196037360506,138.191650390625,6110300.0
2025-10-08,138.19164243084705,138.3781382806653,136.13040798407272,136.2776336669922,8256700.0
2025-10-09,137.86775745974035,142.06876703846078,136.03225892180046,142.03932189941406,13706600.0
2025-10-10,142.94234083112488,148.0365595567978,142.3239629579886,147.31021118164062,17545200.0
2025-10-13,145.90659005602612,147.21204609306164,144.62076910342495,146.1421661376953,7272000.0
2025-10-14,145.94586261338955,148.8217809770759,145.7593667511636,148.74325561523438,8371100.0
2025-10-15,148.53714581858458,149.57758069615736,146.4170058922955,148.3702850341797,6101100.0
2025-10-16,149.56776040940056,151.53084947117642,149.47941001896314,149.85240173339844,8532900.0
2025-10-17,150.93210499651613,151.06952063019477,148.93957081958558,150.8732147216797,6710100.0
2025-10-20,151.5701079470403,151.5701079470403,149.90148520380723,150.80450439453125,4810600.0
2025-10-21,151.8449488334866,152.3259110862688,150.01927525184084,150.35299682617188,5614300.0
2025-10-22,150.32354532654028,152.3160796110582,149.89167829536066,150.2057647705078,6486000.0
2025-10-23,150.34318909048827,150.568940161643,148.2426841826239,148.7138214111328,6091800.0
2025-10-24,149.23401422018935,149.60700591046557,148.47823576392852,148.75306701660156,3580200.0
2025-10-27,148.22304370166472,150.0487172450194,148.17397845372565,149.8131561279297,4744600.0
2025-10-28,148.61565758998435,150.38244070028625,147.15315088089375,147.34945678710938,5626500.0
2025-10-29,145.31767353087818,145.91641630508613,141.01850361190367,143.46255493164062,7767600.0
2025-10-30,143.63922877723203,145.3569317747076,143.55089336045685,144.826904296875,5752700.0
2025-10-31,143.50181510776108,144.28705376997277,142.6184309735115,143.3938446044922,6313600.0
2025-11-03,143.1680837998625,143.2171640211319,140.60625201227927,140.94979858398438,8331500.0
2025-11-04,142.02949376135018,142.25524481483038,139.43821674165432,140.26271057128906,8302900.0
2025-11-05,140.26270489758636,140.63569660517302,138.96707392873805,140.22344970703125,7136400.0
2025-11-06,139.7817552620994,140.56699385429175,138.69224027251286,138.96707153320312,6449400.0
2025-11-07,140.29214775336547,141.39148777438004,139.03577199550347,140.31178283691406,7592300.0
2025-11-10,139.86029390936977,140.38051134348044,138.65298328106147,139.98788452148438,6617500.0
2025-11-11,140.63569794369218,143.06992416515575,140.04676523949547,142.40248107910156,7683600.0
2025-11-12,141.89208050603983,142.81473479729928,141.40130822151303,141.7252197265625,5790100.0
2025-11-13,141.44057820701963,143.68830867726086,140.99887116977638,142.34359741210938,6663300.0
2025-11-14,143.19753461120783,144.12999894355127,141.2737006923552,143.1582794189453,5770500.0
2025-11-17,143.42328260255982,145.37656161819226,142.53989851229528,145.1017303466797,7320200.0
2025-11-18,145.5630716294205,147.06483371519738,144.72875270301898,146.02439880371094,10821500.0
2025-11-19,145.5630599435685,146.05383221918595,143.9827726169931,144.39501953125,8123200.0
2025-11-20,143.8944282509483,144.3655654126232,142.22579063590166,143.40365600585938,6878900.0
2025-11-21,143.580344822731,146.19125708840326,143.28587844333043,143.62942504882812,7911800.0
2025-11-24,143.13863927234425,143.639221586191,142.08837944599145,142.81472778320312,9391400.0
2025-11-25,143.23678160919974,144.40482195984117,142.883439967507,143.41346740722656,8954000.0
2025-11-26,143.61960978615545,145.7299246371621,143.53125939151172,145.24896240234375,5180600.0
2025-11-28,144.51279230406973,146.07345943916397,144.51279230406973,145.99493408203125,2969300.0
2025-12-01,145.88696816190722,147.05500854795784,145.76917263392488,146.75071716308594,7623300.0
2025-12-02,146.7016589686461,146.75072421571738,143.8257255718568,145.86734008789062,6830300.0
2025-12-03,145.94586199199006,147.91876115187094,145.18025843877174,145.32748413085938,5109200.0
2025-12-04,145.0232090475861,145.513981328627,143.43311164971163,144.19871520996094,6803000.0
2025-12-05,144.3305330406147,144.50894700860837,143.23036146295104,143.73585510253906,5971300.0
2025-12-08,143.7259339050676,145.26221171079564,142.92310885865865,144.3404541015625,6327400.0
2025-12-09,145.05407169813031,146.2533486366969,142.63567556339416,143.3592071533203,10035200.0
2025-12-10,146.46150229812793,148.4536983228325,145.69831640613413,148.37440490722656,18526400.0
2025-12-11,148.82041692532948,149.5538696758879,146.81831489789627,147.72024536132812,7854000.0
2025-12-12,148.4239697759485,149.3358213981286,147.42291872982835,149.3159942626953,8143100.0
2025-12-15,149.60343153241067,150.35669630205035,148.94927219043072,149.88095092773438,8409600.0
2025-12-16,150.64413257620652,151.000945377794,148.66184259486977,149.03846740722656,7520300.0
2025-12-17,149.04839940005314,149.9007847591031,148.15635976922965,148.7510528564453,8067100.0
2025-12-18,148.47353300375627,149.03847782361194,147.92840019605455,148.04733276367188,6643200.0
2025-12-19,147.82927689045113,148.5627296656844,146.59034558857448,146.84805297851562,17543500.0
2025-12-22,146.22362440594435,147.66078166822234,145.11354681693064,145.7478790283203,8818700.0
2025-12-23,145.88664368062598,145.88664368062598,142.28878227622377,142.40771484375,7254800.0
2025-12-24,142.51673875661518,142.71497986370588,141.68418055205746,142.46719360351562,2618700.0
2025-12-26,142.28878281376257,142.66542277724966,141.8229434242938,142.5068359375,4975500.0
2025-12-29,142.46719602588078,143.76559363156667,142.32843632276183,142.9627685546875,7201900.0
2025-12-30,142.695148655772,143.9836401967227,142.64558838041376,142.8834686279297,4713800.0
2025-12-31,142.5563827697631,142.75460873891723,141.89231745507723,142.24913024902344,4380300.0
2026-01-02,141.9517895415276,142.14010951321447,140.8417119699073,140.97055053710938,7182100.0
2026-01-05,140.40561286399728,140.55427857356466,138.16561534869246,138.68101501464844,9031400.0
2026-01-06,138.4431332267944,138.81977318510366,137.34297674079824,137.72952270507812,9576500.0
2026-01-07,137.9872052474535,138.59180428985843,135.7472230384423,135.79676818847656,8539800.0
2026-01-08,135.36068550090064,138.2449060760522,134.80563157408733,138.13587951660156,8762800.0
2026-01-09,138.20525745455524,139.5432940938986,137.47180473001515,138.6710968017578,6767600.0
2026-01-12,138.67110384924786,140.25692681243467,137.3330520182305,140.10826110839844,12223400.0
2026-01-13,139.85057297390546,142.37798075914338,139.79109156686278,142.20948791503906,9030200.0
2026-01-14,141.87250188145563,145.0045238697863,141.87250188145563,144.6278839111328,8329500.0
2026-01-15,144.7666316312235,145.71813745508302,144.24132600798677,145.27212524414062,5797800.0
2026-01-16,145.85691125144223,146.2434572214646,144.22151282159868,145.02435302734375,10313500.0
2026-01-20,144.925226771496,146.35247802734375,143.04205727338584,146.35247802734375,9982800.0
2026-01-21,145.7478805931821,146.6993713586461,143.6565639619215,145.4406280517578,7679600.0
2026-01-22,145.38114737452213,145.827174741972,142.8933787657921,143.121337890625,8167400.0
2026-01-23,142.5861180537171,143.55743590375306,141.79319904150162,143.29974365234375,5870100.0
2026-01-26,143.51780602682592,144.6278836414103,142.86364666522874,144.5783233642578,6589600.0
2026-01-27,144.45938672959164,147.50220920171512,144.04310763584627,147.46255493164062,7114900.0
2026-01-28,147.0958286585343,148.71138467587946,146.4515753536946,147.18502807617188,5954100.0
2026-01-29,147.52201775088955,149.52413487982554,147.12556580148575,147.37335205078125,9062300.0
2026-01-30,147.69050746948056,152.52729979325355,147.27422839428775,152.2696075439453,12641300.0
2026-02-02,152.69579417307816,155.23312291827654,151.83350287455258,153.82569885253906,14660500.0
2026-02-03,155.2133178034306,161.9927461813934,154.12305222056835,161.40797424316406,19096400.0
2026-02-04,163.4298952059286,166.45289042074836,162.7162696101786,164.70846557617188,13322900.0
2026-02-05,165.03555189247527,166.5222694229869,163.78671461136767,166.04652404785156,11038800.0
2026-02-06,165.96722689878004,169.23800841708035,165.7789069293629,168.98031616210938,10960400.0
2026-02-09,167.99907880801973,168.42526390197517,163.47945999261816,164.99591064453125,10316200.0
2026-02-10,164.28228745851283,165.92759182533538,162.29009140806306,165.49148559570312,10352500.0
2026-02-11,166.16545835718267,168.76226862186738,164.54990224114405,167.6521759033203,6733400.0
2026-02-12,168.25676535942733,169.96153592478052,165.61041009340946,165.7194366455078,9516300.0
2026-02-13,165.71944888736795,166.39343538385643,163.538932807996,164.47061157226562,9286100.0
2026-02-17,164.64901227558042,166.05643644378512,159.3860344348247,160.4862060546875,8749800.0
2026-02-18,160.3573431188186,163.07308586712128,159.20762641120913,162.934326171875,7239800.0
2026-02-19,162.93432712388625,163.5884864583005,161.68548985937298,163.13255310058594,6155800.0
2026-02-20,163.19202114547815,163.50919481056462,161.5764650504213,163.47946166992188,4811800.0
2026-02-23,163.03344175412886,167.31518016532246,162.78565551133354,166.82952880859375,6801600.0
2026-02-24,166.7403140570282,168.28649779033455,166.28439584011582,168.03871154785156,6319800.0
2026-02-25,167.11695829263195,167.9990767336612,164.5300692494853,167.6719970703125,6832700.0
2026-02-26,168.12793491447704,168.55412001455645,165.67980550034451,166.09608459472656,7219300.0
2026-02-27,166.88899596252716,168.7721653681813,166.3339571955416,168.23695373535156,10585200.0
2026-03-02,167.55306747998353,168.03871885722504,165.65997687538623,165.79873657226562,7264000.0
2026-03-03,165.06527832342658,165.7392647741714,162.22069707025273,163.44972229003906,6718100.0
2026-03-04,163.57856818844644,164.46068665530117,161.9233578123784,162.46849060058594,6855400.0
2026-03-05,160.72408649810612,161.95309669288736,158.74179637886064,159.27700805664062,7133700.0
2026-03-06,158.25,159.52999877929688,156.08999633789062,159.42999267578125,5937900.0
2026-03-09,159.1699981689453,162.42999267578125,158.10000610351562,161.52999877929688,6416000.0
2026-03-10,160.6999969482422,162.86000061035156,159.58999633789062,160.77999877929688,5341300.0
2026-03-11,160.30999755859375,160.91000366210938,157.88999938964844,160.14999389648438,4359700.0
2026-03-12,158.8699951171875,161.5399932861328,158.69000244140625,158.86000061035156,6165600.0
2026-03-13,159.77999877929688,161.50999450683594,159.24000549316406,159.8800048828125,4676800.0
2026-03-16,161.36000061035156,161.5800018310547,157.5399932861328,157.72000122070312,4498700.0
2026-03-17,158.8300018310547,159.11000061035156,156.2899932861328,156.5,5460200.0
2026-03-18,155.25,156.1199951171875,153.2899932861328,153.5399932861328,5124400.0
2026-03-19,153.75,154.67999267578125,152.66000366210938,152.74000549316406,5555500.0
2026-03-20,152.4499969482422,153.41000366210938,149.33999633789062,150.0399932861328,14480700.0
2026-03-23,152.3000030517578,152.3000030517578,149.94000244140625,150.8800048828125,6783000.0
2026-03-24,150.4499969482422,152.5800018310547,150.1999969482422,150.58999633789062,5803700.0
2026-03-25,151.3000030517578,151.83999633789062,149.02999877929688,151.72999572753906,4978500.0
2026-03-26,151.92999267578125,153.14999389648438,150.6699981689453,150.8300018310547,5677100.0
2026-03-27,151.13999938964844,154.5399932861328,150.47000122070312,153.0399932861328,6663600.0
2026-03-30,153.82000732421875,158.38999938964844,153.3699951171875,156.82000732421875,10386800.0
2026-03-31,157.6699981689453,157.6699981689453,154.1699981689453,155.2899932861328,8033800.0
2026-04-01,153.5500030517578,155.14999389648438,153.25999450683594,154.64999389648438,5412600.0
2026-04-02,154.66000366210938,157.05999755859375,154.22000122070312,157.00999450683594,5410000.0
2026-04-06,156.41000366210938,156.86000061035156,155.39999389648438,156.72999572753906,3562500.0
2026-04-07,156.17999267578125,156.5399932861328,152.57000732421875,153.2100067138672,5151100.0
2026-04-08,151.8800048828125,154.82000732421875,151.75,154.8000030517578,6878500.0
2026-04-09,153.6999969482422,158.00999450683594,153.25,157.49000549316406,4339400.0
2026-04-10,157.16000366210938,157.7899932861328,156.3300018310547,157.05999755859375,4411300.0
